6740
2750
7356
2709
2728
193
340
1218
1229
1382
1760
1762
1767
1824
1852
1871
1885
1892
1909
2560
2564
2650
2673
2688
2705
2706
2708
2710
2712
2713
2714
2715
2717
2718
2719
2724
2725
2726
2729
2731
2732
2733
2734
2738
2739
2741
2742
2745
2746
2747
2748
2749
2751
2752
2753
2755
2756
2762
2789
2851
2890
2895
2897
3494
3533
3550
3576
3670
3682
3714
3797
3878
3988
6054
6055
7355
7359
5477
6052
16
21
45
49
56
61
73
87
90
100
111
113
117
120
121
126
133
135
143
146
156
160
166
174
177
178
182
184
189
199
302
346
478
502
507
534
580
599
609
679
1107
1128
1551
1555
1590
1613
1633
1636
1638
1678
1701
1754
1761
1779
1780
1881
1901
1904
1910
1918
1923
1926
1941
1953
2072
2179
2188
2206
2207
2223
2276
2279
2874
2875
2882
2894
2899
2902
2985
2988
3077
3364
3406
3448
3458
3462
3469
3484
3486
3488
3515
3520
3542
3570
3577
3585
3622
3626
3645
3646
3678
3690
3697
3717
3731
3745
3751
3752
3759
3793
3825
3830
3849
3858
3861
3876
3877
3930
3941
4069
4304
5810
210
248
260
273
287
293
338
341
342
345
347
348
350
351
352
353
382
410
415
421
469
490
498
503
532
535
608
629
636
644
666
668
669
671
674
675
680
687
737
813
893
951
994
1051
1053
1054
1055
1056
1064
1074
1103
1130
1145
1190
1194
1197
1200
1203
1206
1208
1209
1212
1216
1225
1226
1230
1231
1246
1273
1321
1335
1353
1354
1359
1423
1452
1458
1460
1472
1473
1474
1486
1489
1509
1512
1520
1524
1526
1529
1538
1550
1561
1563
1569
1587
1606
1609
1610
1611
1612
1626
1657
1665
1682
1688
1706
1715
1735
1739
1741
1742
2057
2064
2082
2170
2176
2177
2194
2359
2610
2621
2901
2908
2910
2922
2939
2948
2954
2976
2979
2983
2993
2997
3017
3024
3093
3131
3144
3156
3199
3205
3304
3316
3388
3395
3885
3942
3953
3959
3989
3992
3998
4029
4059
4078
4091
4105
4144
4274
4317
4330
5557
5673
7447
11051
231
304
337
344
373
465
488
491
492
508
517
521
523
537
548
585
591
596
628
657
664
699
1050
1057
1066
1075
1080
1084
1213
1214
1219
1220
1223
1238
1242
1243
1247
1250
1251
1253
1264
1367
1386
1399
1403
1415
1418
1501
1525
1528
1539
1553
1562
1652
1663
1676
2944
6756
6757
8414
891
1058
1072
1157
1227
1234
1276
1435
1517
1519
1759
1905
2771
2816
5781
220
221
245
246
253
280
286
295
298
499
552
883
886
888
897
916
918
970
999
1020
1044
1063
1094
1102
1106
1132
1274
1280
1322
1324
1330
1582
1743
2531
2878
2881
2975
3370
3376
3536
3964
3973
4119
4161
4162
5674
6152
3747
1772
1776
1851
1863
1783
1785
1786
1789
1792
1793
1794
1795
1796
1797
1798
1800
1801
1802
1804
1807
1808
1810
1813
1814
1815
1816
1818
1819
1820
1821
1822
1825
1826
1828
1829
1830
1834
1836
1837
1839
1840
1842
1845
1846
1847
1848
1853
1854
1855
1856
1858
3621
3673
3826
3867
5837
1831
1838
1850
1957
1764
1897
2443
2537
2551
2599
2699
2801
2821
2848
2868
1865
1867
1879
1884
1887
1889
5842
5844
5847
6731
6732
6945
1774
1903
1908
2850
2442
2522
2526
2538
2545
2548
2554
2555
2559
2562
2575
2578
2590
2595
2597
2613
2616
2618
2638
2440
2525
2528
2535
2569
2570
2576
2581
2586
2602
2612
2619
2623
2633
2635
2759
4209
4305
6034
6039
7380
2006
2452
2641
2642
2645
2647
2649
2651
2656
2657
2658
2662
2664
2665
3361
4312
2671
2672
2678
6045
6046
6047
2670
2680
2683
2690
2697
6750
6051
2716
2722
2711
6053
2743
7358
2761
2764
2767
2768
2769
2802
2812
4247
7313
7317
2781
2785
2786
2787
2788
2792
2796
2804
2806
2807
2808
2809
6066
6067
9768
2822
2824
2833
2835
2844
2846
2849
2852
2853
2856
2858
2861
2864
2870
6072
2877
2883
2884
2888
2891
2900
2903
3712
3722
3734
6079
6080
6460
6788
6814
2773
2896
5811
144
603
1948
2885
3454
3459
3473
3566
3608
3611
3613
3627
3641
3676
3685
3711
3720
3728
3729
3806
3820
3855
3862
3863
3864
3947
4008
4011
4014
4034
4356
1930
1934
1937
1943
1944
1956
3447
3524
3589
3630
3661
3771
3857
3875
4007
4017
5747
6426
3457
3493
3502
3513
3558
3559
3560
3561
3564
3580
3609
3636
3652
3660
3691
3715
3732
3738
3744
3748
3749
3775
3782
3811
3817
3819
3829
3839
3840
3846
3848
3852
3873
4019
4038
4063
4113
4285
5775
1925
3472
3698
4012
3320
3437
3453
3456
3465
3497
3578
3612
3680
3687
3700
3708
3713
3718
3719
3736
3770
3784
3807
4009
4018
4037
4041
4043
4046
4049
4050
4072
4087
4115
4256
4292
4336
4348
4354
5740
3544
3633
3653
3658
3671
3730
3739
3754
3845
3950
4015
4016
4039
4047
4067
4089
4112
4116
4128
4255
4273
4286
4335
4355
4359
4386
5715
5725
5738
5756
5759
5773
5776
6958
7669
3582
3694
4129
4169
4284
4318
5724
5751
6739
7062
2889
3644
3859
2471
2490
2497
2513
4061
8
4167
188
70
72
119
122
136
175
176
196
125
1441
112
164
109
55
27
63
202
169
5479
190
28
149
153
154
192
5538
30
33
34
78
108
127
162
168
172
173
179
181
198
200
2397
3514
3602
5523
5545
6738
8223
58
115
132
141
187
5497
5524
5527
5529
31
79
116
167
738
1059
1070
1120
1165
1191
1196
1198
1236
1468
1488
4315
6780
371
772
1456
1459
1462
1469
1470
1476
1506
1508
1545
1558
1646
1658
2940
2945
2947
2960
2987
4309
5952
467
481
495
520
533
547
600
605
1222
1360
1479
1515
1738
4057
238
339
630
663
665
1455
3956
797
1187
1205
3074
3076
529
530
536
538
541
542
5563
5575
5577
515
522
638
711
742
1005
1180
1450
1454
1691
1696
2305
3383
3386
4357
355
494
514
601
676
1289
1352
1356
1376
1745
3986
5591
6493
9327
9
460
607
612
618
619
625
645
651
3958
8266
691
708
3972
5562
6105
264
907
979
1016
1038
1109
1110
1111
1112
1113
1114
1116
1118
1119
1121
1173
1175
1177
3980
7417
9827
270
1136
1154
2059
2067
2074
2089
2090
2096
2191
3275
3410
3967
3974
3975
3977
4130
4197
5691
5702
5804
8235
1510
1511
1514
1536
1655
1737
8832
1594
2941
2962
2964
8209
1448
1679
1746
4322
1617
1625
1628
1629
1634
1639
582
1309
1350
1374
4166
4198
973
1637
1675
5794
1651
1685
1689
1692
1693
1694
1699
1721
1722
1723
1724
1726
1728
1729
2050
2053
2114
2121
2157
2162
2172
2234
2912
2913
2965
2990
2992
3125
3399
3971
3987
4331
4367
5780
5796
5798
5799
5800
5801
6089
6090
6753
6782
6969
7453
7490
9043
9044
9045
9272
9273
1755
1895
5807
5848
1771
4314
1932
1946
1949
1950
1951
1952
5857
5859
2060
2061
2062
2066
2068
2069
2075
2076
2084
2086
2095
2104
2123
2131
2164
2195
2214
2219
3069
3105
3137
3272
3928
3976
5924
5925
5936
5954
6747
6776
8076
2109
2222
2994
3098
3136
3153
3179
3339
799
1122
2051
2106
2110
2134
2166
2167
2180
2967
3007
3043
3143
3341
3351
3382
4374
5712
5934
8961
2202
2203
2212
2217
2221
2227
5939
5942
5951
2048
2204
5940
5949
2246
2256
2287
2288
2299
2307
2308
2322
2324
2326
2327
2337
2347
2370
2372
2384
2387
2430
3034
3035
3121
3239
3269
3308
3368
3369
3371
3372
3373
3374
3375
3378
3379
3384
3385
3387
3389
3390
3392
3393
3394
3400
3404
3931
3940
4030
4033
4085
4108
4120
4149
4380
5994
6345
6347
6353
6386
6387
6390
6392
6393
6476
5
2005
2244
2264
2310
2330
2333
2334
2927
2933
2934
3321
3322
3380
4075
4206
4381
2893
2907
4306
2898
4249
1579
2923
2932
2935
2937
2938
2942
2949
2952
2955
2956
2957
2958
2963
2966
2968
2969
2972
2973
2974
2989
2991
4111
4297
4353
4362
4364
4375
6119
6933
2914
2931
2936
4352
4368
6088
6103
6111
6140
6142
6143
6151
6157
6466
8428
1960
2268
2270
2429
3157
3177
3196
3391
4140
4302
6354
6357
6361
6383
6391
7898
2378
2381
3366
3377
3402
4097
4109
4110
4145
4148
4189
5475
6008
6342
6343
6344
6346
6348
6349
6350
6351
6352
6355
6356
6360
6366
6367
6368
6376
6379
6380
6381
6384
6385
6388
6394
6395
6397
6398
6399
6400
6401
6403
6411
6413
6414
6427
6428
6430
6433
6434
6743
6772
6944
6954
6955
6963
7503
8043
8417
8630
8781
8826
8876
9107
9844
9845
9846
10160
2275
2281
2313
4301
6006
6412
6429
7506
8407
8858
3517
3528
3701
4025
4026
4265
4278
5749
5767
5770
6456
3461
5771
3467
3495
3596
3774
3948
3949
4124
4261
5768
6135
7078
3710
3816
4098
4099
4101
4103
4384
5727
5750
5757
6133
1817
1835
1959
3415
3446
3777
4088
5772
6132
6992
7001
7081
7121
7122
7579
4058
4114
4276
5722
5734
7059
7056
3881
5742
3463
8314
3617
3492
3808
3832
3880
3944
3945
4020
4021
4127
4216
5719
5779
6916
3675
3946
4023
4045
5720
5729
5762
6800
3591
3665
4042
5726
5728
5744
5758
5774
6825
3704
5716
3689
3498
3504
3527
3543
3659
3743
3804
3872
4027
4064
4083
4100
4250
4296
4338
4339
4341
4344
5723
5733
5746
5748
5761
5766
5769
6129
6880
6881
6962
7051
7064
7067
7068
7073
3584
3642
3838
4006
3598
3753
3843
4040
4044
4048
4117
4271
4388
5718
5732
5735
5754
3442
3535
3650
4287
5714
5721
5765
6837
6957
3879
5753
6959
3805
4028
6505
2296
2312
2340
2345
3120
5996
1446
1451
1453
1463
1464
1465
1475
1480
1482
4190
4191
4192
4193
4194
4195
5787
209
211
222
224
225
230
233
234
235
237
239
240
243
1320
5552
5555
6492
249
252
1062
5556
262
263
266
267
275
276
277
6730
6972
268
269
9826
290
291
296
5696
5697
5699
349
7821
393
356
728
458
413
5596
6737
416
428
429
430
432
433
435
437
439
442
446
448
453
455
462
743
468
519
1265
1270
497
1405
299
1278
1408
531
610
647
1323
634
635
643
659
4345
4389
5586
632
640
641
642
649
655
656
658
660
662
5585
364
685
688
698
703
707
709
714
715
718
719
721
722
724
726
729
734
746
5593
5594
5595
5597
794
800
804
811
815
827
838
840
843
845
849
865
866
877
879
880
881
887
906
910
974
976
984
985
988
990
1001
1004
1013
1018
1186
5604
6778
8492
894
917
944
946
948
949
952
953
957
958
959
960
5630
5632
5633
995
1052
1097
5670
5672
9823
1252
1077
1079
1534
5665
9824
912
1202
4160
733
362
1425
309
1268
1371
1409
1412
374
915
5671
4264
586
4196
1505
4363
1567
1649
1656
1659
6781
6784
400
2081
2093
8381
2192
2284
2286
2290
2291
2294
2298
2311
2316
2328
2332
2335
2336
2341
2346
2352
2356
2390
3409
3943
5998
6000
6001
11922
2556
2604
2577
2582
2631
6036
7373
2911
2917
2918
2920
4358
6083
6084
6085
6086
2916
6106
7863
1584
2961
2980
2981
6141
6147
6148
6149
6150
6153
6156
6160
6162
6166
6485
6940
7563
8774
3081
6154
2996
2999
3001
3002
3003
3008
3009
3010
3015
3019
3020
3022
3023
3042
3061
3066
3079
3080
3084
3089
3094
3097
3100
3112
3135
5711
6168
6173
3142
3152
6169
6183
8949
9229
3040
3057
3063
3085
3092
3101
3103
3104
6741
6760
3000
3134
7774
3146
9842
4235
6185
8892
10119
11257
3115
3201
3204
4153
4154
4157
4158
6187
6189
6191
6192
6193
6194
6195
3116
4155
4156
6188
6190
9135
3174
3181
3240
3262
3263
3266
3267
3270
3271
3273
3289
3294
3296
3298
3299
3303
3305
3307
3896
3898
3901
3919
3929
3999
4000
4141
8401
8807
2009
3250
3302
3310
3408
4013
4090
3381
3396
3397
4054
6341
6359
6375
6396
6402
6404
6407
6409
6435
7862
8921
9310
9843
3118
3163
3183
3222
3932
3937
3938
3939
4135
6949
310
7459
1546
2925
2926
2930
3965
4365
6092
6098
6114
6122
6124
6125
6137
6138
6146
6159
6164
6165
6734
7003
8740
8775
1138
1140
1143
1149
1183
5687
5694
5641
5802
5553
1439
5574
1490
1654
1662
540
1193
1438
1531
1588
5659
1081
1262
1279
1285
1313
1344
1416
1417
2774
441
1645
1647
6109
890
1152
1153
1162
5805
247
4347
967
898
901
920
921
923
930
922
927
929
932
933
937
943
900
1026
1031
1037
1042
1043
5652
11230
1105
1361
2572
2584
2607
2609
4214
7367
7376
2879
4373
4377
6139
7508
7519
8082
9025
9849
6358
3824
4022
4263
5736
5760
7074
7076
1104
5675
5832
4024
4279
5454
6463
7287
7288
8227
2476
2477
2587
7532
8180
2533
2624
2628
4092
7372
7398
7399
2539
2603
6040
6069
6477
2854
1869
2439
2441
2454
2455
2456
2458
2460
2461
2467
2469
2470
2474
2487
2488
2491
2492
2495
2496
2501
2508
2509
2512
2517
6777
8914
2566
2591
7370
2544
2547
7383
8244
2524
2637
6073
7382
9771
2541
7384
2521
2550
4215
6037
6038
7364
7394
8238
8242
2543
2615
6735
7395
8237
1963
1969
1997
2007
2011
2012
2015
2017
2018
2023
2024
2028
2029
2030
2031
2034
2037
2041
2042
2045
2047
4095
2667
9774
1961
3319
3325
3326
3328
3330
3332
3333
3336
3337
3345
3355
3356
3358
3359
3362
3363
4010
4052
4062
4291
4319
4320
6241
6242
6249
6269
6271
6285
6287
6294
6298
6300
6302
6307
6317
6320
6793
6794
7128
10792
2772
6056
6058
2830
2860
3696
5741
6883
1970
2249
2252
3705
3796
3851
3546
3724
6989
3597
7584
3323
3324
3329
3349
3990
4074
4076
4217
4218
5908
6238
6255
6289
6301
6324
3445
3545
6130
5730
7
18
3995
4248
5440
5443
5447
3674
3790
5763
161
5461
5488
32
37
60
69
155
183
4237
5463
5511
5526
7277
40
140
148
170
5495
5509
8225
65
94
106
7255
67
7275
2399
2400
2401
2402
2404
2409
2422
2423
2425
2426
2433
3994
4199
4200
4201
4202
4203
4204
6016
6018
6019
6021
6022
6023
6024
6025
6026
6733
5457
29
41
50
147
5487
5534
693
1166
1461
472
244
631
646
653
4252
4325
4328
5588
652
5581
5582
5583
820
5709
7450
3068
3071
3073
3155
6176
5564
5566
5567
5568
5569
5571
1147
2280
2297
2304
2344
6382
4308
3997
908
5612
5613
9828
986
5637
1117
5601
1169
5701
6768
1176
1182
9829
3978
3979
5680
1127
3244
3249
3253
3256
3284
3287
3288
3890
3894
3903
3904
3905
3906
3908
3910
3911
3920
6223
3984
1596
1605
5793
1627
2103
2136
7546
2097
5933
3122
3127
3129
4183
4188
6179
6180
6182
3398
6406
6408
6752
6946
9386
11498
2142
2151
2165
5932
5935
6790
5809
1773
4125
2117
5927
5928
5930
5931
6748
6749
7547
5937
5943
4056
3916
3130
6184
3161
3346
6264
6278
6303
6338
5686
2189
8962
3038
3039
3050
3055
6172
6174
4051
6253
6256
6311
6312
6318
6334
3347
3348
3353
6235
6266
6268
6310
6314
7577
9090
9905
6377
6378
7505
7527
7528
8845
6121
2233
5941
2243
2254
2258
5999
2361
2365
2374
2380
6003
6005
6007
2388
4093
3209
3213
3217
3224
3235
3236
3237
6197
3268
6219
6222
6744
6365
6432
7987
11473
6363
9311
6410
6943
8979
9848
3170
4086
4131
4159
3243
3913
3917
3924
3927
6204
2278
10941
10940
1
2
3
4
6
5419
5420
5421
5422
5423
5424
5425
5428
5429
5430
5431
5433
5434
5435
5436
5437
5979
5984
1968
2259
2272
7479
7478
8782
3318
3331
6237
6260
6270
6272
6281
6286
6309
6316
6319
6371
6372
6373
6374
6795
7470
7558
1971
1972
1975
1977
1978
1984
1985
1986
1987
1989
1990
1991
1992
1993
1994
1995
5889
5890
6926
7456
6012
6974
5997
6093
6094
6095
9026
6118
6924
8944
4371
4369
6110
8924
1965
5869
5874
5875
5877
5878
3164
3173
3180
3182
3184
3186
3933
3936
4132
4133
4300
6186
7504
7932
7894
2262
2295
3624
5737
3426
3428
3429
3460
3531
3571
3599
3610
3615
3620
3628
3664
3693
3794
3854
3865
5959
5965
5967
6718
6742
7088
4219
1958
5861
5862
5864
5865
3856
4147
5960
5961
5963
6803
7135
7138
7142
5969
7144
7145
7146
7147
7148
7150
7205
7237
3417
3420
3764
6712
6722
6839
7113
7118
7242
3604
5739
7065
7070
7071
5777
3491
7066
7018
9543
4081
4142
4143
216
5554
236
438
1277
4349
5580
5584
5587
5589
730
5599
977
1065
1078
7407
9841
3012
3018
7562
3030
3241
3247
3251
3254
3260
3261
6231
8735
9181
9887
6217
6770
3264
3265
6215
6216
6220
6769
6209
6296
6297
2014
2025
3886
9888
9889
3300
7457
11436
5703
1144
5643
1082
5572
924
1028
1036
1035
2629
8239
8240
2549
7029
9756
9757
5455
2630
8247
8256
8258
2568
2622
8259
2611
2596
2632
1866
5955
5957
5958
7895
7901
7962
579
4242
5896
5897
5900
5901
5902
5904
5905
5909
5911
5912
5916
5918
2035
2046
4077
5867
5873
5883
6337
6267
6792
6325
2251
6322
6248
6262
6276
5404
5407
5409
5410
5411
5412
5414
5415
5416
5417
5418
6758
6919
7616
7617
7618
5894
5898
5899
5903
5906
6771
5442
5445
11
12
15
5448
5449
5439
7642
5492
68
54
4238
4239
75
152
128
5503
8217
9747
6013
4326
4327
4350
637
3072
1141
5692
5693
5695
6773
7424
7976
3242
3245
3246
9898
3257
6212
11258
3282
6225
3914
5688
6315
2255
3232
3215
3223
6218
5432
5980
5885
6304
6370
1980
1983
5891
5892
1979
1981
7160
7162
7163
7164
7165
7167
7168
3414
6714
7092
7220
4385
5964
5968
6716
6960
7087
7093
7094
7095
7096
7097
7099
7201
7206
7213
7216
7218
8199
8200
8202
9739
6715
6723
6724
7183
7184
7185
7186
7187
7188
7190
7192
7193
7194
3411
6719
6721
6725
6755
7117
7177
7178
7179
7181
7182
7102
7158
7159
9745
6765
7202
7203
5962
7090
7091
7098
5966
7200
7207
7191
7137
7136
7151
7152
7114
6717
7108
7111
7107
3259
5855
6265
6295
11229
11290
2518
5840
6783
8206
8204
9758
5914
5915
5917
5910
6258
2257
6333
6243
6245
9904
5893
5895
5438
5444
5446
8628
8208
7252
5498
5473
6789
3258
6198
7161
7176
7173
7209
7199
7212
9742
6767
7217
8201
6720
3430
9744
3413
7180
6763
7154
7155
6713
7219
7238
6729
7208
1033
1040
7369
6329
6240
10
5502
5474
5485
7172
8203
7153
7239
7240
1032
7157
7241
